Namespace(gpu=0, n_epochs=1000, lr=0.005, lamb=1, hid_dim=64, dropout=0.5, temperature=0.1, edgetype='concat')
avg AUC_ROC: 0.979187 + 0.001935, for trp:0.90 
avg  AUC_PRtrp: 0.893598 + 0.008412, for trp:0.90 
AUC_ROCAll:0.979187,
AUCstd:0.001935,
AUC_PRAll:0.893598,
AUC_PRstd:0.008412,
