Namespace(gpu=0, n_epochs=1000, lr=0.005, lamb=1, hid_dim=64, dropout=0.5, temperature=0.1, edgetype='concat')
Namespace(gpu=0, n_epochs=1000, lr=0.005, lamb=1, hid_dim=64, dropout=0.5, temperature=0.1, edgetype='concat')
avg AUC_ROC: 0.954748 + 0.003513, for trp:0.50 
avg  AUC_PRtrp: 0.813027 + 0.016176, for trp:0.50 
AUC_ROCAll:0.954748,
AUCstd:0.003513,
AUC_PRAll:0.813027,
AUC_PRstd:0.016176,
